5
6
16
21
23
33
41
45
52
60
61
62
80
86
96
111
122
123
128
131
133
135
156
158
159
167
172
188
194
197
199
200
204
214
219
226
231
235
236
251
253
257
268
272
276
278
291
292
294
303
309
310
311
315
319
330
335
339
344
348
350
359
365
369
372
375
388
390
392
394
397
438
439
447
472
477
482
483
492
504
511
514
542
543
549
554
558
559
562
570
575
579
582
585
589
596
599
602
611
612
615
623
632
644
650
651
660
695
711
727
747
748
753
755
756
760
761
762
763
765
766
768
782
817
820
831
849
860
896
918
925
939
954
958
962
965
966
994
995
1012
1201
1312
1320
1346
1386
1408
1454
1466
1467
1478
1560
1588
1701
1810
1822
1836
2025
2057
2068
2089
2092
2093
2201
2220
1117
1342
1351
1381
1388
1419
1467
1469
1474
1506
1508
1538
1678
1686
1708
1724
1726
1759
1770
1796
1839
1870
1875
1881
1902
1917
1926
1968
1983
1984
1989
2044
2047
2059
2075
2076
2079
2099
2102
2109
2139
2145
2161
2173
2175
2177
2183
2212
2225
2226
2248
2249
2302
2347
2384
2390
2428
2501
2507
2537
2543
2592
